300640
301687
300877
300910
300388
300629
300727
300082
300886
300092
300341
301503
300012
301217
300708
300992
301215
300081
301531
300817
300852
300601
300167
300112
300906
300449
300486
300400
300043
300683
300732
300507
300496
300978
300803
300807
301592
300083
300680
301120
300616
300939
301116
300181
300439
300011
300872
300129
300697
300192
301519
301332
301020
301393
300311
301075
300101
300923
300721
301345
301369
300351
301261
300236
300480
300577
300270
301101
300457
301239
300719
300515
301320
300162
300665
301419
301027
300056
301205
301302
301366
300471
300715
301211
300858
300510
300890
300737
300212
301256
301556
301520
300390
301030
300755
300733
301322
301377
301658
300693
