600285
603587
601566
603379
605133
603119
603236
603106
600299
600499
603214
600353
600419
600232
603016
603186
600876
600170
600986
603278
603277
600630
603380
603908
603936
600433
600748
603790
601107
600189
600712
600883
603927
603170
603958
603165
600997
600515
603283
601279
600991
601236
601022
603200
605488
600697
603350
600333
600632
600879
600592
600803
603538
600089
600481
603341
600345
600851
600388
600962
601975
603859
605167
603065
603035
600176
605020
600706
600529
600113
600198
601901
603439
603193
601577
600595
600517
605376
600109
600938
600550
600682
600108
605090
601766
600479
600862
600179
603325
603899
603912
605377
600352
603239
600390
600979
600557
601995
603173
603722
