688126
688037
688129
688085
688608
688776
688029
688633
688560
688279
688603
688536
688230
688130
688478
688538
688418
688291
688331
688158
688187
688067
688565
688148
688332
688669
688323
688327
688685
688585
688160
688583
688370
688786
688500
688248
688515
688400
688553
688188
688458
688381
688484
688312
688646
688060
688228
688316
688100
688591
688501
688269
688750
688282
688507
688596
688775
688058
688737
688466
688486
688233
688533
688382
688215
688710
688143
688552
688711
688015
688556
688665
688163
688609
688206
688535
688376
688380
688156
688162
688599
688216
688318
688443
688133
688002
688320
688580
688787
688039
688623
688172
688387
688372
688138
688235
688285
688351
688510
688246
