000521
000923
000679
001256
000962
002150
002250
003008
002651
002518
000525
001395
003036
002768
001255
000017
002036
002392
000905
002398
002701
001390
002881
000963
000042
002600
002916
000956
002480
000967
002183
002742
002507
002544
002837
000088
000541
002440
002265
001277
003040
000059
000901
001206
002425
002137
002843
002445
002481
002607
001389
002403
002920
000556
002394
002173
002163
000761
002422
002615
002980
000995
000790
001296
000663
000001
000811
000338
002458
000738
002543
000563
002368
000551
002553
002537
001229
000301
002149
001387
002114
000887
002407
002332
002333
002596
002419
002654
002838
002886
002969
001318
002978
002971
001210
000753
001337
000333
002361
002206
