301398
301265
300741
301295
301631
300894
301186
300378
300204
301040
300488
300869
300225
301288
300696
300708
300788
301413
300303
300101
301155
300843
300979
300464
300164
300221
300026
301159
300403
300538
300340
300132
300496
300277
300988
300577
300157
301353
300196
300522
301118
300905
300095
301128
300086
300965
300644
300197
300224
300102
300232
300994
300778
300063
300359
300987
300070
300189
300279
300056
300021
301227
300859
300685
300639
300179
300486
301151
301212
301611
301590
300722
300241
301511
301100
300861
301108
301558
300166
300390
300343
300664
301135
301228
300620
300713
300821
300919
301089
301195
300268
301587
301376
300395
300498
301082
300066
301092
300513
300185
