920027
920489
920553
920665
920982
920641
920122
920690
920575
920076
920111
920976
920906
920493
920060
920378
920218
920188
920375
920001
920211
920223
920023
920971
920579
920699
920163
920418
920580
920570
920790
920663
920950
920180
920207
920050
920505
920108
920195
920125
920177
920088
920879
920098
920405
920429
920006
920433
920069
920436
920522
920119
920221
920422
920682
920765
920961
920068
920640
920009
920028
920179
920832
920080
920932
920249
920190
920087
920926
920010
920227
920128
920895
920077
920003
920035
920806
920395
920066
920266
920819
920855
920394
920184
920146
920896
920566
920178
920593
920475
920392
920717
920160
920175
920768
920036
920156
920693
920002
920020
