300821
300020
300050
300987
300603
300691
300279
301180
301348
301081
300817
301359
301215
300555
301600
300667
301078
300133
301338
300400
300130
300303
301222
300080
300540
300144
301382
300812
300891
300541
300572
300317
300539
300224
301055
301588
300012
300562
300054
300920
301101
300483
300645
301027
300883
300425
301169
301207
300820
300657
300705
301088
300538
300625
300926
300918
301159
300569
300256
300515
301272
300380
301270
300614
300465
300672
300284
301658
300840
301138
300745
300664
301552
300864
300858
301510
300011
301230
300076
301131
300819
300884
300984
301558
301201
300981
301598
301082
301269
300513
300575
300763
300491
300542
300725
300498
301531
300432
300124
300729
