002909
000795
002950
600463
603626
002298
002498
600266
603727
600637
605178
000859
600975
601116
600446
605020
002079
600657
603360
603088
600452
603178
002805
600161
002385
002716
002867
601008
600992
600610
002981
603949
002272
002902
600455
000630
002169
003021
600352
600859
600389
600236
002017
000403
002060
601808
603533
000531
002414
603367
603878
603318
600419
603416
002575
000659
603151
600825
002259
603558
603212
603120
000958
600546
603358
603125
603619
002033
600777
002903
002632
002310
605507
001395
000926
600667
600202
603017
600724
600232
002366
002300
603168
002402
000756
000612
600480
002942
002780
600654
601000
002421
002807
600000
600100
601288
002098
000035
600548
002730
