920271
920101
920855
920405
920169
920191
920058
920592
920227
920076
920181
920055
920735
920015
920086
920119
920199
920392
920475
920077
920679
920906
920425
920418
920826
920245
920427
920725
920806
920110
920509
920168
920033
920641
920471
920493
920177
920974
920261
920866
920809
920260
920873
920132
920810
920003
920161
920218
920078
920790
920651
920106
920575
920018
920808
920278
920121
920056
920145
920090
920036
920748
920009
920262
920639
920839
920634
920014
920305
920821
920357
920096
920047
920429
920566
920950
920370
920885
920703
920046
920221
920159
920092
920976
920547
920445
920627
920895
920002
920985
920211
920656
920699
920098
920579
920402
920378
920200
920124
920021
