688290
688196
688628
688811
688288
688175
688611
688027
688592
688613
688265
688559
688123
688307
688170
688309
688186
688750
688179
688786
688595
688615
688222
688068
688717
688385
688671
688626
688029
688207
688057
688286
688352
688146
688013
688030
688125
688522
688808
688171
688668
688563
688016
688577
688468
688516
688366
688208
688800
688131
688449
688358
688432
688187
688439
688429
688359
688136
688426
688315
688038
688076
688165
688535
688584
688486
688620
688657
688035
688598
688159
688676
688197
688420
688067
688739
688755
688466
688677
688350
688566
688509
688805
688059
688389
688435
688163
688485
688693
688520
688480
688253
688092
688701
688137
688722
688361
688726
688570
688601
